h is:     53.3774           0    0.164768    0.113002    0.017377 0.000270184
          0     53.3774   0.0424175  0.00812406   0.0233465  0.00187119
   0.164768   0.0424175    0.094229   0.0677741   0.0163423 0.000753698
   0.113002  0.00812406   0.0677741   0.0515359   0.0118374 0.000546607
   0.017377   0.0233465   0.0163423   0.0118374  0.00684585 0.000556725
0.000270184  0.00187119 0.000753698 0.000546607 0.000556725 8.99907e-05


c is: -3.56476e-09
 1.37302e-08
-1.78092e-11
-7.76473e-10
 9.28495e-10
 1.00609e-10


je is:         1         0  0.692507  0.555342  0.189943 0.0117471
        0         1  0.337758   0.24689  0.305058 0.0813563
        0         0         1         1         1         1


jedot is:            0            0  9.82416e-05  7.20373e-05  8.88116e-05  2.36853e-05
           0            0 -0.000200227 -0.000160671 -5.52981e-05 -3.41995e-06
           0            0            0            0            0            0


jvw is: 0.692507
0.337758


jvq is:  0.555342  0.189943 0.0117471
  0.24689  0.305058 0.0813563


jac1 is:         1         0         0         0         0         0
        0         1         0         0         0         0
        0         0         1         0         0         0
        1         0  0.692507  0.555342  0.189943 0.0117471
        0         1  0.337758   0.24689  0.305058 0.0813563
        0         0         1         1         1         1


jac1dot is:            0            0            0            0            0            0
           0            0            0            0            0            0
           0            0            0            0            0            0
           0            0  9.82416e-05  7.20373e-05  8.88116e-05  2.36853e-05
           0            0 -0.000200227 -0.000160671 -5.52981e-05 -3.41995e-06
           0            0            0            0            0            0


hstar is:       53.1137   0.0341324    0.018696    0.020656  -0.0107231 0.000629746
                0.0341324     53.2929   0.0312945   0.0830066  -0.0301202  0.00147538
                0.018696   0.0312945  0.00540811   0.0103759  -0.0042078 0.000220444
                0.020656   0.0830066   0.0103759    0.222397   -0.106416  0.00631526
                -0.0107231  -0.0301202  -0.0042078   -0.106416    0.144767 -0.00865647
                0.000629746  0.00147538 0.000220444  0.00631526 -0.00865647 0.000564655


v1 is:  0.000724746
 0.000651179
-0.000288378
  -1.359e-11
-2.75252e-06
-2.78264e-13


cstar is:  1.26439e-09
 1.12629e-08
 1.19686e-09
 8.89767e-09
-4.83894e-09
 2.89156e-10


jstar is:         1         0         0  -2.42875   1.79722  0.631532
        0         1         0   1.93469  -5.90187   3.96718
        0         0         1  -1.15734 -0.289773  0.447113
        0         0         0   2.42875  -1.79722 -0.631532
        0         0         0  -1.93469   5.90187  -3.96718
        0         0         0  0.128868 -0.459042   1.33017


jestar is:  9.71445e-17  1.80411e-16  4.44089e-16
-1.31839e-16 -1.11022e-16 -4.44089e-16
 1.09288e-16    6.245e-17  2.77556e-16
           1 -1.80411e-16 -4.44089e-16
 1.31839e-16            1  4.44089e-16
 3.46945e-18  1.38778e-17            1


hbar is:  0.00538316   0.0103199 -0.00418634 0.000219356
  0.0103199    0.222259   -0.106365  0.00631272
-0.00418634   -0.106365    0.144748 -0.00865551
0.000219356  0.00631272 -0.00865551 0.000564607


cbar is:  1.18981e-09
 8.87964e-09
-4.83232e-09
  2.8883e-10


jbar is:         1  -1.15762  -0.28694  0.444562
        0   2.42668  -1.78873 -0.637956
        0  -1.93409    5.8989  -3.96481
        0  0.128844   -0.4589   1.33006


jebar is:  1.09331e-16  6.24518e-17   2.7766e-16
           1 -1.80308e-16  -4.4357e-16
 1.31784e-16            1  4.43928e-16
 3.47195e-18  1.38787e-17            1



fes is: 0
0
0
0


xdotdot_des is:  1
1
1
1


qext is: 0
0
0
0


u is:  4.4628
3.29266
4.26344
3.13361


qbar is:  0.0408431
  0.344182
  0.221096
-0.0133684


***STARS*****
j12star is:       0 -2.42875  1.79722 0.631532
       0  1.93469 -5.90187  3.96718


j22star is:        1  -1.15734 -0.289773  0.447113
        0   2.42875  -1.79722 -0.631532
        0  -1.93469   5.90187  -3.96718
        0  0.128868 -0.459042   1.33017


h11star is:  53.1137 0.0341324
0.0341324   53.2929


h12star is:   0.018696    0.020656  -0.0107231 0.000629746
  0.0312945   0.0830066  -0.0301202  0.00147538


h21star is:   0.018696   0.0312945
   0.020656   0.0830066
 -0.0107231  -0.0301202
0.000629746  0.00147538


h22star is: 0.00540811   0.0103759  -0.0042078 0.000220444
  0.0103759    0.222397   -0.106416  0.00631526
 -0.0042078   -0.106416    0.144767 -0.00865647
0.000220444  0.00631526 -0.00865647 0.000564655


c1star is:1.26439e-09
1.12629e-08


c2star is: 1.19686e-09
 8.89767e-09
-4.83894e-09
 2.89156e-10


je11star is: 9.71445e-17  1.80411e-16
-1.31839e-16 -1.11022e-16
je12star is: 4.44089e-16
-4.44089e-16


je21star is: 1.09288e-16    6.245e-17
           1 -1.80411e-16
 1.31839e-16            1
 3.46945e-18  1.38778e-17

 
je22star is: 2.77556e-16
-4.44089e-16
 4.44089e-16
           1
